int i = s.len_a - 1;

	while (i >= 0)
	{
		if (i <= s.len_b - 1)
			printf("%d  |  %d\n", s.a[i], s.b[i]);
		else
			printf("%d  |\n", s.a[i]);
		i--;
	}
	printf("--------\na     b\n");

len = 25 
13 23 19 21 2 17 3 22 1 15 25 16 14 6 20 11 8 12 4 24 9 5 10 18 7
OK
5 16 3 22 7 2 14 8 9 24 17 6 19 1 11 15 21 25 13 20 12 4 10 23 18
OK
1 5 6 22 24 14 21 2 8 15 23 20 25 13 18 12 4 11 3 19 7 16 9 10 17
OK
49 14 89 58 59 76 68 4 85 43 70 95 19 42 88 36 25 90 21 73 33 35 77 93 3
KO
1 5 6 22 24 14 21 2 8 15 23 20 25 13 18 12 4 11 3 19 7 16 9 10 17
OK

len = 100
